№итерации / дистанция
0 13460
1 13050
2 13050
3 13050
4 13050
5 12115
6 12115
7 12115
8 12115
9 12115
10 12115
11 12115
12 12115
13 12115
14 12115
15 12115
16 12115
17 12115
18 12115
19 12115
20 12115
21 12115
22 12115
23 12115
24 12115
25 12115
26 12115
27 12115
28 12115
29 12115
30 12115
31 12115
32 12115
33 12115
34 12115
35 12115
36 12115
37 12115
38 12115
39 12115
40 12115
41 12115
42 12115
43 12115
44 12115
45 12115
46 12115
47 12115
48 12115
49 12115
50 12115
51 12115
52 12115
53 12115
54 12115
55 12115
56 12115
57 12115
58 12115
59 12115
60 12115
61 12115
62 12115
63 12115
64 12115
65 12115
66 12115
67 12115
68 12115
69 12115
70 12115
71 12115
72 12115
73 12115
74 12115
75 12115
76 12115
77 12115
78 12115
79 12115
80 12115
81 12115
82 12115
83 12115
84 12115
85 12115
86 12115
87 12115
88 12115
89 12115
90 12070
91 12070
92 12070
93 12070
94 12070
95 12070
96 12070
97 12070
98 12070
99 12070
