№итерации / дистанция
0 13940
1 13490
2 12555
3 12555
4 12555
5 11810
6 11810
7 11810
8 11800
9 11800
10 11800
11 11265
12 11265
13 11265
14 11265
15 11265
16 11265
17 11265
18 11265
19 11265
20 11265
21 11265
22 11265
23 11265
24 11265
25 11265
26 11265
27 11265
28 11265
29 11265
30 11265
31 11265
32 11265
33 11265
34 11155
35 11155
36 11155
37 11155
38 11155
39 11155
40 11155
41 11155
42 11155
43 11155
44 11155
45 11155
46 11155
47 11155
48 11155
49 11155
50 11155
51 11155
52 11155
53 11155
54 11155
55 11155
56 11155
57 11155
58 11155
59 11155
60 11155
61 11155
62 11155
63 11155
64 11155
65 11155
66 11155
67 11155
68 11155
69 11155
70 11155
71 11155
72 11155
73 11155
74 11155
75 11155
76 11155
77 11155
78 11155
79 11155
80 11155
81 11155
82 11155
83 11155
84 11155
85 11155
86 11155
87 11155
88 11155
89 11155
90 11155
91 11155
92 11155
93 11155
94 11155
95 11155
96 11155
97 11155
98 11155
99 11155
