###############################################################################################################

power=1
NOISYSINE: 1 признак
HYDRODYNAMICS: 4 признака

###############################################################################################################

NOISYSINE

alpha=0.1
Coefficients: [ 0.         -0.03058194]
alpha=0.2
Coefficients: [ 0.         -0.02975717]
alpha=0.30000000000000004
Coefficients: [ 0.        -0.0289324]
alpha=0.4
Coefficients: [ 0.         -0.02810763]
alpha=0.5
Coefficients: [ 0.         -0.02728286]
alpha=0.6000000000000001
Coefficients: [ 0.         -0.02645809]
alpha=0.7000000000000001
Coefficients: [ 0.         -0.02563333]
alpha=0.8
Coefficients: [ 0.         -0.02480856]
alpha=0.9
Coefficients: [ 0.         -0.02398379]
alpha=1.0
Coefficients: [ 0.         -0.02315902]

HYDRODYNAMICS

alpha=0.1
Coefficients: [ 0.00000000e+00  0.00000000e+00  1.67862266e-01 -0.00000000e+00
  4.06985285e-02 -1.43445378e-03  0.00000000e+00  1.16217971e+02]
alpha=0.2
Coefficients: [  0.           0.           0.12260329  -0.           0.
  -0.           0.         106.47469384]
alpha=0.30000000000000004
Coefficients: [ 0.00000000e+00  0.00000000e+00  7.73395480e-02 -0.00000000e+00
  0.00000000e+00 -0.00000000e+00  0.00000000e+00  9.67339484e+01]
alpha=0.4
Coefficients: [ 0.00000000e+00  0.00000000e+00  3.20758083e-02 -0.00000000e+00
  0.00000000e+00 -0.00000000e+00  0.00000000e+00  8.69932030e+01]
alpha=0.5
Coefficients: [ 0.          0.          0.         -0.          0.         -0.
  0.         77.25290683]
alpha=0.6000000000000001
Coefficients: [ 0.          0.          0.         -0.          0.         -0.
  0.         67.51370353]
alpha=0.7000000000000001
Coefficients: [ 0.          0.          0.         -0.          0.         -0.
  0.         57.77450023]
alpha=0.8
Coefficients: [ 0.          0.          0.         -0.          0.         -0.
  0.         48.03529693]
alpha=0.9
Coefficients: [ 0.          0.          0.         -0.          0.         -0.
  0.         38.29609363]
alpha=1.0
Coefficients: [ 0.          0.          0.         -0.          0.         -0.
  0.         28.55689033]



###############################################################################################################

power=2
NOISYSINE: 2 признака
HYDRODYNAMICS: 10 признаков

###############################################################################################################

NOISYSINE

alpha=0.1
Coefficients: [ 0.00000000e+00 -2.78190544e-02 -7.34704738e-05]
alpha=0.2
Coefficients: [ 0.         -0.01562811 -0.00036946]
alpha=0.30000000000000004
Coefficients: [ 0.         -0.00343677 -0.00066547]
alpha=0.4
Coefficients: [ 0.         -0.         -0.00074857]
alpha=0.5
Coefficients: [ 0.        -0.        -0.0007481]
alpha=0.6000000000000001
Coefficients: [ 0.         -0.         -0.00074763]
alpha=0.7000000000000001
Coefficients: [ 0.         -0.         -0.00074716]
alpha=0.8
Coefficients: [ 0.         -0.         -0.00074668]
alpha=0.9
Coefficients: [ 0.         -0.         -0.00074621]
alpha=1.0
Coefficients: [ 0.         -0.         -0.00074574]

HYDRODYNAMICS

alpha=0.1
Coefficients: [ 0.00000000e+00  0.00000000e+00  0.00000000e+00 -0.00000000e+00
 -0.00000000e+00 -0.00000000e+00 -0.00000000e+00  0.00000000e+00
 -4.95305405e-02 -0.00000000e+00 -0.00000000e+00 -5.30403026e-01
 -0.00000000e+00  2.03381688e+02  0.00000000e+00 -4.77805402e-02
 -0.00000000e+00 -0.00000000e+00 -1.71263888e-02 -0.00000000e+00
  2.04010398e-01  1.54711123e-03 -0.00000000e+00  1.67328415e-02
  6.50022526e-03 -5.46346499e-02  0.00000000e+00]
alpha=0.2
Coefficients: [ 0.00000000e+00  0.00000000e+00  0.00000000e+00 -0.00000000e+00
  0.00000000e+00 -0.00000000e+00  0.00000000e+00  1.05690910e+02
 -0.00000000e+00 -0.00000000e+00  0.00000000e+00 -3.29425379e-01
  0.00000000e+00  0.00000000e+00  0.00000000e+00 -0.00000000e+00
 -0.00000000e+00  0.00000000e+00 -0.00000000e+00  0.00000000e+00
  0.00000000e+00 -2.25174566e-03 -0.00000000e+00  1.71412344e-02
  7.42177841e-04 -5.63748185e-02  0.00000000e+00]
alpha=0.30000000000000004
Coefficients: [ 0.00000000e+00  0.00000000e+00  0.00000000e+00 -0.00000000e+00
  0.00000000e+00 -0.00000000e+00  0.00000000e+00  9.54862336e+01
 -0.00000000e+00 -0.00000000e+00  0.00000000e+00 -1.85881663e-01
  0.00000000e+00  0.00000000e+00  0.00000000e+00 -0.00000000e+00
 -0.00000000e+00  0.00000000e+00 -0.00000000e+00  0.00000000e+00
  0.00000000e+00 -2.15116128e-03 -0.00000000e+00  1.58053102e-02
 -2.58020806e-03 -5.34433342e-02  0.00000000e+00]
alpha=0.4
Coefficients: [ 0.00000000e+00  0.00000000e+00  0.00000000e+00 -0.00000000e+00
  0.00000000e+00 -0.00000000e+00  0.00000000e+00  8.52848687e+01
 -0.00000000e+00 -0.00000000e+00  0.00000000e+00 -2.42952706e-02
  0.00000000e+00  0.00000000e+00  0.00000000e+00 -0.00000000e+00
 -0.00000000e+00  0.00000000e+00 -0.00000000e+00  0.00000000e+00
  0.00000000e+00 -2.05863159e-03 -0.00000000e+00  1.42962543e-02
 -6.32770201e-03 -5.00367792e-02  0.00000000e+00]
alpha=0.5
Coefficients: [ 0.00000000e+00  0.00000000e+00  0.00000000e+00 -0.00000000e+00
  0.00000000e+00 -0.00000000e+00  0.00000000e+00  7.50449440e+01
 -0.00000000e+00 -0.00000000e+00  0.00000000e+00 -0.00000000e+00
  0.00000000e+00  0.00000000e+00  0.00000000e+00 -0.00000000e+00
 -0.00000000e+00  0.00000000e+00 -0.00000000e+00  0.00000000e+00
  0.00000000e+00 -1.93721638e-03 -0.00000000e+00  1.46332253e-02
 -7.18614105e-03 -5.21262517e-02  0.00000000e+00]
alpha=0.6000000000000001
Coefficients: [ 0.00000000e+00  0.00000000e+00  0.00000000e+00 -0.00000000e+00
  0.00000000e+00 -0.00000000e+00  0.00000000e+00  6.47981822e+01
 -0.00000000e+00 -0.00000000e+00  0.00000000e+00 -0.00000000e+00
  0.00000000e+00  0.00000000e+00  0.00000000e+00 -0.00000000e+00
 -0.00000000e+00  0.00000000e+00 -0.00000000e+00  0.00000000e+00
  0.00000000e+00 -1.81070547e-03 -0.00000000e+00  1.52972513e-02
 -7.53354353e-03 -5.51895918e-02  0.00000000e+00]
alpha=0.7000000000000001
Coefficients: [ 0.00000000e+00  0.00000000e+00  0.00000000e+00 -0.00000000e+00
  0.00000000e+00 -0.00000000e+00  0.00000000e+00  5.45514206e+01
 -0.00000000e+00 -0.00000000e+00  0.00000000e+00 -0.00000000e+00
  0.00000000e+00  0.00000000e+00  0.00000000e+00 -0.00000000e+00
 -0.00000000e+00  0.00000000e+00 -0.00000000e+00  0.00000000e+00
  0.00000000e+00 -1.68419384e-03 -0.00000000e+00  1.59612661e-02
 -7.88094077e-03 -5.82528967e-02  0.00000000e+00]
alpha=0.8
Coefficients: [ 0.00000000e+00  0.00000000e+00 -0.00000000e+00 -0.00000000e+00
  0.00000000e+00 -0.00000000e+00  0.00000000e+00  4.43046593e+01
 -0.00000000e+00 -0.00000000e+00  0.00000000e+00 -0.00000000e+00
  0.00000000e+00  0.00000000e+00  0.00000000e+00 -0.00000000e+00
 -0.00000000e+00  0.00000000e+00 -0.00000000e+00  0.00000000e+00
  0.00000000e+00 -1.55768146e-03 -0.00000000e+00  1.66252694e-02
 -8.22833251e-03 -6.13161649e-02  0.00000000e+00]
alpha=0.9
Coefficients: [ 0.00000000e+00  0.00000000e+00 -0.00000000e+00 -0.00000000e+00
  0.00000000e+00 -0.00000000e+00  0.00000000e+00  3.40578984e+01
  0.00000000e+00 -0.00000000e+00  0.00000000e+00 -0.00000000e+00
  0.00000000e+00  0.00000000e+00  0.00000000e+00  0.00000000e+00
 -0.00000000e+00  0.00000000e+00 -0.00000000e+00  0.00000000e+00
  0.00000000e+00 -1.43116823e-03 -0.00000000e+00  1.72892591e-02
 -8.57571789e-03 -6.43793904e-02  0.00000000e+00]
alpha=1.0
Coefficients: [ 0.00000000e+00  0.00000000e+00 -0.00000000e+00 -0.00000000e+00
  0.00000000e+00 -0.00000000e+00  0.00000000e+00  2.38111398e+01
  0.00000000e+00 -0.00000000e+00  0.00000000e+00 -0.00000000e+00
  0.00000000e+00  0.00000000e+00  0.00000000e+00  0.00000000e+00
 -0.00000000e+00  0.00000000e+00 -0.00000000e+00  0.00000000e+00
  0.00000000e+00 -1.30464881e-03 -0.00000000e+00  1.79531527e-02
 -8.92305773e-03 -6.74423110e-02  0.00000000e+00]



###############################################################################################################

power=3
NOISYSINE: 3 признака

###############################################################################################################

NOISYSINE

alpha=0.1
Coefficients: [ 0.00000000e+00 -1.85643667e-01  9.59340791e-03 -1.53546575e-04]
alpha=0.2
Coefficients: [ 0.00000000e+00 -8.99335484e-02  4.29031972e-03 -7.10090284e-05]
alpha=0.30000000000000004
Coefficients: [ 0.00000000e+00 -1.14560665e-02 -0.00000000e+00 -4.83839356e-06]
alpha=0.4
Coefficients: [ 0.00000000e+00 -0.00000000e+00 -5.65479439e-04  3.23799535e-06]
alpha=0.5
Coefficients: [ 0.00000000e+00 -0.00000000e+00 -5.47079547e-04  2.75942431e-06]
alpha=0.6000000000000001
Coefficients: [ 0.00000000e+00 -0.00000000e+00 -5.28635858e-04  2.27971491e-06]
alpha=0.7000000000000001
Coefficients: [ 0.00000000e+00 -0.00000000e+00 -5.10310468e-04  1.80308022e-06]
alpha=0.8
Coefficients: [ 0.00000000e+00 -0.00000000e+00 -4.92179770e-04  1.33150576e-06]
alpha=0.9
Coefficients: [ 0.00000000e+00 -0.00000000e+00 -4.74086207e-04  8.60896466e-07]
alpha=1.0
Coefficients: [ 0.00000000e+00 -0.00000000e+00 -4.56005130e-04  3.90611682e-07]



###############################################################################################################

power=4
NOISYSINE: 4 признака

###############################################################################################################

NOISYSINE

alpha=0.1
Coefficients: [ 0.00000000e+00 -1.48791840e-01  7.89403277e-03 -1.29741955e-04
 -6.22521731e-08]
alpha=0.2
Coefficients: [ 0.00000000e+00 -0.00000000e+00 -6.42809390e-03  3.73670519e-04
 -5.92587554e-06]
alpha=0.30000000000000004
Coefficients: [ 0.00000000e+00 -0.00000000e+00 -6.21174901e-03  3.60730674e-04
 -5.72899812e-06]
alpha=0.4
Coefficients: [ 0.00000000e+00 -0.00000000e+00 -5.99542622e-03  3.47792178e-04
 -5.53214151e-06]
alpha=0.5
Coefficients: [ 0.00000000e+00 -0.00000000e+00 -5.77911965e-03  3.34854670e-04
 -5.33530016e-06]
alpha=0.6000000000000001
Coefficients: [ 0.00000000e+00 -0.00000000e+00 -5.56282512e-03  3.21917896e-04
 -5.13847015e-06]
alpha=0.7000000000000001
Coefficients: [ 0.00000000e+00 -0.00000000e+00 -5.34653809e-03  3.08981579e-04
 -4.94164720e-06]
alpha=0.8
Coefficients: [ 0.00000000e+00 -0.00000000e+00 -5.13025693e-03  2.96045621e-04
 -4.74482977e-06]
alpha=0.9
Coefficients: [ 0.00000000e+00 -0.00000000e+00 -4.91397912e-03  2.83109867e-04
 -4.54801550e-06]
alpha=1.0
Coefficients: [ 0.00000000e+00 -0.00000000e+00 -4.69770212e-03  2.70174162e-04
 -4.35120199e-06]



###############################################################################################################

power=5
NOISYSINE: 5 признаков

###############################################################################################################

NOISYSINE

alpha=0.1
Coefficients: [ 0.00000000e+00  1.21162674e-01 -8.27284007e-02  7.77157653e-03
 -2.60132043e-04  2.89607673e-06]
alpha=0.2
Coefficients: [ 0.00000000e+00  0.00000000e+00 -6.12870200e-02  6.33658927e-03
 -2.19478592e-04  2.48488284e-06]
alpha=0.30000000000000004
Coefficients: [ 0.00000000e+00  0.00000000e+00 -5.96086657e-02  6.16082397e-03
 -2.13328419e-04  2.41431997e-06]
alpha=0.4
Coefficients: [ 0.00000000e+00  0.00000000e+00 -5.79303120e-02  5.98505872e-03
 -2.07178247e-04  2.34375712e-06]
alpha=0.5
Coefficients: [ 0.00000000e+00  0.00000000e+00 -5.62519582e-02  5.80929347e-03
 -2.01028076e-04  2.27319427e-06]
alpha=0.6000000000000001
Coefficients: [ 0.00000000e+00  0.00000000e+00 -5.45736043e-02  5.63352821e-03
 -1.94877904e-04  2.20263142e-06]
alpha=0.7000000000000001
Coefficients: [ 0.00000000e+00  0.00000000e+00 -5.28952503e-02  5.45776294e-03
 -1.88727731e-04  2.13206856e-06]
alpha=0.8
Coefficients: [ 0.00000000e+00 -0.00000000e+00 -5.12168961e-02  5.28199764e-03
 -1.82577558e-04  2.06150569e-06]
alpha=0.9
Coefficients: [ 0.00000000e+00 -0.00000000e+00 -4.95385416e-02  5.10623232e-03
 -1.76427384e-04  1.99094281e-06]
alpha=1.0
Coefficients: [ 0.00000000e+00 -0.00000000e+00 -4.78601869e-02  4.93046697e-03
 -1.70277209e-04  1.92037992e-06]
